00000000010100000000000000010011
00000000100101110000111110010011
00000001111100000111001000110011
00000000000011111100010110110011
00000001111100100000001110110011
00000000011000001000000010010011
01000000000101011000010110110011
01000000000001011000001010110011
00000000010100100000101001100011
00000000000100101000001010010011
00000000101111111110100010110011
00000000000000000001110110110111
00000000010100100001101001100011
00000000100110100000101000010011
00000000001010101000101010010011
00000001010110100001101100110011
01000001010100111101101110110011
00000000010000000000111101101111
01000000001100010000000010110011
00000000101100100000100100110011
01000000010000111000011000110011
00000010110010010001011101100011
00000001000011000000110000010011
00000001011110101110110010110011
00000000000110010000100100010011
00000010110010010100011101100011
00000010110010010101110101100011
00000001111100111111100000110011
00000001111100111110100110110011
00000001000101011100110100110011
00000001111000000000111001100111
00000001111011110000111100010011
00000100010101101000001100010011
00000000000100000000000000010011
00000000000010110010100110000011
00000001101111100010100100100011
00000100000000011000000100010011
00000011111000011000011100010011
00000011111000010010101000000011
00000110011100010010111100100011
00000010111000010010111100100011
00001100000001110010101000000011
00010001110101110010000000100011
00010111111000011010101100000011
